 [],  1 
 [103],  1 
 [103, 109],  1 
 [103, 109, 117],  1 
 [103, 109, 117, 124],  1 
 [103, 109, 117, 124, 131],  1 
 [103, 109, 117, 124, 131, 136],  1 
 [103, 109, 117, 124, 131, 136, 141],  1 
 [103, 109, 117, 124, 131, 136, 141, 145],  1 
 [103, 109, 117, 124, 131, 136, 141, 145, 148],  1 
 [103, 109, 117, 124, 131, 136, 141, 145, 148, 151],  1 
 [103, 109, 117, 124, 131, 136, 141, 145, 148, 151, 154],  1 
 [103, 109, 117, 124, 131, 136, 141, 145, 148, 151, 154, 156],  1 
 [103, 109, 117, 124, 131, 136, 141, 145, 148, 151, 154, 156, 158],  1 
 [103, 109, 117, 124, 131, 136, 141, 145, 148, 151, 154, 156, 158, 161],  1 
 [103, 109, 117, 124, 131, 136, 141, 145, 148, 151, 154, 156, 158, 161, 164],  1 
 [103, 109, 117, 124, 131, 136, 141, 145, 148, 151, 154, 156, 158, 161, 164, 166],  1 
 [103, 109, 117, 124, 131, 136, 141, 145, 148, 151, 154, 156, 158, 161, 164, 166, 168],  1 
 [103, 109, 117, 124, 131, 136, 141, 145, 148, 151, 154, 156, 158, 161, 164, 166, 168, 169],  1 
 [103, 109, 117, 124, 131, 136, 141, 145, 148, 151, 154, 156, 158, 161, 164, 166, 168, 169, 171],  1 
 [103, 109, 117, 124, 131, 136, 141, 145, 148, 151, 154, 156, 158, 161, 164, 166, 168, 169, 171, 171],  1 
 [103, 109, 117, 124, 131, 136, 141, 145, 148, 151, 154, 156, 158, 161, 164, 166, 168, 169, 171, 171, 172],  1 
 [103, 109, 117, 124, 131, 136, 141, 145, 148, 151, 154, 156, 158, 161, 164, 166, 168, 169, 171, 171, 172, 173],  1 
 [103, 109, 117, 124, 131, 136, 141, 145, 148, 151, 154, 156, 158, 161, 164, 166, 168, 169, 171, 171, 172, 173, 174],  1 
 [103, 109, 117, 124, 131, 136, 141, 145, 148, 151, 154, 156, 158, 161, 164, 166, 168, 169, 171, 171, 172, 173, 174, 175],  1 
 [103, 109, 117, 124, 131, 136, 141, 145, 148, 151, 154, 156, 158, 161, 164, 166, 168, 169, 171, 171, 172, 173, 174, 175, 175],  1 
 [103, 109, 117, 124, 131, 136, 141, 145, 148, 151, 154, 156, 158, 161, 164, 166, 168, 169, 171, 171, 172, 173, 174, 175, 175, 176],  1 
 [103, 109, 117, 124, 131, 136, 141, 145, 148, 151, 154, 156, 158, 161, 164, 166, 168, 169, 171, 171, 172, 173, 174, 175, 175, 176, 176],  1 
 [103, 109, 117, 124, 131, 136, 141, 145, 148, 151, 154, 156, 158, 161, 164, 166, 168, 169, 171, 171, 172, 173, 174, 175, 175, 176, 176, 176],  1 
 [103, 109, 117, 124, 131, 136, 141, 145, 148, 151, 154, 156, 158, 161, 164, 166, 168, 169, 171, 171, 172, 173, 174, 175, 175, 176, 176, 176, 177],  1 
 [103, 109, 117, 124, 131, 136, 141, 145, 148, 151, 154, 156, 158, 161, 164, 166, 168, 169, 171, 171, 172, 173, 174, 175, 175, 176, 176, 176, 177, 178],  1 
 [103, 109, 117, 124, 131, 136, 141, 145, 148, 151, 154, 156, 158, 161, 164, 166, 168, 169, 171, 171, 172, 173, 174, 175, 175, 176, 176, 176, 177, 178, 179],  1 
 [103, 109, 117, 124, 131, 136, 141, 145, 148, 151, 154, 156, 158, 161, 164, 166, 168, 169, 171, 171, 172, 173, 174, 175, 175, 176, 176, 176, 177, 178, 179, 179],  1 
 [103, 109, 117, 124, 131, 136, 141, 145, 148, 151, 154, 156, 158, 161, 164, 166, 168, 169, 171, 171, 172, 173, 174, 175, 175, 176, 176, 176, 177, 178, 179, 179, 179],  1 
 [103, 109, 117, 124, 131, 136, 141, 145, 148, 151, 154, 156, 158, 161, 164, 166, 168, 169, 171, 171, 172, 173, 174, 175, 175, 176, 176, 176, 177, 178, 179, 179, 179, 179],  1 
 [103, 109, 117, 124, 131, 136, 141, 145, 148, 151, 154, 156, 158, 161, 164, 166, 168, 169, 171, 171, 172, 173, 174, 175, 175, 176, 176, 176, 177, 178, 179, 179, 179, 179, 179],  1 
 [103, 109, 117, 124, 131, 136, 141, 145, 148, 151, 154, 156, 158, 161, 164, 166, 168, 169, 171, 171, 172, 173, 174, 175, 175, 176, 176, 176, 177, 178, 179, 179, 179, 179, 179, 179],  1 
 [103, 109, 117, 124, 131, 136, 141, 145, 148, 151, 154, 156, 158, 161, 164, 166, 168, 169, 171, 171, 172, 173, 174, 175, 175, 176, 176, 176, 177, 178, 179, 179, 179, 179, 179, 179, 179],  1 
 [103, 109, 117, 124, 131, 136, 141, 145, 148, 151, 154, 156, 158, 161, 164, 166, 168, 169, 171, 171, 172, 173, 174, 175, 175, 176, 176, 176, 177, 178, 179, 179, 179, 179, 179, 179, 179, 179],  1 
 [103, 109, 117, 124, 131, 136, 141, 145, 148, 151, 154, 156, 158, 161, 164, 166, 168, 169, 171, 171, 172, 173, 174, 175, 175, 176, 176, 176, 177, 178, 179, 179, 179, 179, 179, 179, 179, 179, 179],  1 
 [103, 109, 117, 124, 131, 136, 141, 145, 148, 151, 154, 156, 158, 161, 164, 166, 168, 169, 171, 171, 172, 173, 174, 175, 175, 176, 176, 176, 177, 178, 179, 179, 179, 179, 179, 179, 179, 179, 179, 179],  1 
 [103, 109, 117, 124, 131, 136, 141, 145, 148, 151, 154, 156, 158, 161, 164, 166, 168, 169, 171, 171, 172, 173, 174, 175, 175, 176, 176, 176, 177, 178, 179, 179, 179, 179, 179, 179, 179, 179, 179, 179, 179],  1 
 [103, 109, 117, 124, 131, 136, 141, 145, 148, 151, 154, 156, 158, 161, 164, 166, 168, 169, 171, 171, 172, 173, 174, 175, 175, 176, 176, 176, 177, 178, 179, 179, 179, 179, 179, 179, 179, 179, 179, 179, 179, 179],  1 
 [103, 109, 117, 124, 131, 136, 141, 145, 148, 151, 154, 156, 158, 161, 164, 166, 168, 169, 171, 171, 172, 173, 174, 175, 175, 176, 176, 176, 177, 178, 179, 179, 179, 179, 179, 179, 179, 179, 179, 179, 179, 179, 178],  1 
 [103, 109, 117, 124, 131, 136, 141, 145, 148, 151, 154, 156, 158, 161, 164, 166, 168, 169, 171, 171, 172, 173, 174, 175, 175, 176, 176, 176, 177, 178, 179, 179, 179, 179, 179, 179, 179, 179, 179, 179, 179, 179, 178, 176],  1 
 [103, 109, 117, 124, 131, 136, 141, 145, 148, 151, 154, 156, 158, 161, 164, 166, 168, 169, 171, 171, 172, 173, 174, 175, 175, 176, 176, 176, 177, 178, 179, 179, 179, 179, 179, 179, 179, 179, 179, 179, 179, 179, 178, 176, 173],  1 
 [103, 109, 117, 124, 131, 136, 141, 145, 148, 151, 154, 156, 158, 161, 164, 166, 168, 169, 171, 171, 172, 173, 174, 175, 175, 176, 176, 176, 177, 178, 179, 179, 179, 179, 179, 179, 179, 179, 179, 179, 179, 179, 178, 176, 173, 170],  1 
 [103, 109, 117, 124, 131, 136, 141, 145, 148, 151, 154, 156, 158, 161, 164, 166, 168, 169, 171, 171, 172, 173, 174, 175, 175, 176, 176, 176, 177, 178, 179, 179, 179, 179, 179, 179, 179, 179, 179, 179, 179, 179, 178, 176, 173, 170, 168],  1 
 [103, 109, 117, 124, 131, 136, 141, 145, 148, 151, 154, 156, 158, 161, 164, 166, 168, 169, 171, 171, 172, 173, 174, 175, 175, 176, 176, 176, 177, 178, 179, 179, 179, 179, 179, 179, 179, 179, 179, 179, 179, 179, 178, 176, 173, 170, 168, 166],  1 
 [103, 109, 117, 124, 131, 136, 141, 145, 148, 151, 154, 156, 158, 161, 164, 166, 168, 169, 171, 171, 172, 173, 174, 175, 175, 176, 176, 176, 177, 178, 179, 179, 179, 179, 179, 179, 179, 179, 179, 179, 179, 179, 178, 176, 173, 170, 168, 166, 163],  1 
 [103, 109, 117, 124, 131, 136, 141, 145, 148, 151, 154, 156, 158, 161, 164, 166, 168, 169, 171, 171, 172, 173, 174, 175, 175, 176, 176, 176, 177, 178, 179, 179, 179, 179, 179, 179, 179, 179, 179, 179, 179, 179, 178, 176, 173, 170, 168, 166, 163, 159],  1 
 [103, 109, 117, 124, 131, 136, 141, 145, 148, 151, 154, 156, 158, 161, 164, 166, 168, 169, 171, 171, 172, 173, 174, 175, 175, 176, 176, 176, 177, 178, 179, 179, 179, 179, 179, 179, 179, 179, 179, 179, 179, 179, 178, 176, 173, 170, 168, 166, 163, 159, 155],  1 
 [103, 109, 117, 124, 131, 136, 141, 145, 148, 151, 154, 156, 158, 161, 164, 166, 168, 169, 171, 171, 172, 173, 174, 175, 175, 176, 176, 176, 177, 178, 179, 179, 179, 179, 179, 179, 179, 179, 179, 179, 179, 179, 178, 176, 173, 170, 168, 166, 163, 159, 155, 150],  1 
 [103, 109, 117, 124, 131, 136, 141, 145, 148, 151, 154, 156, 158, 161, 164, 166, 168, 169, 171, 171, 172, 173, 174, 175, 175, 176, 176, 176, 177, 178, 179, 179, 179, 179, 179, 179, 179, 179, 179, 179, 179, 179, 178, 176, 173, 170, 168, 166, 163, 159, 155, 150, 145],  1 
 [103, 109, 117, 124, 131, 136, 141, 145, 148, 151, 154, 156, 158, 161, 164, 166, 168, 169, 171, 171, 172, 173, 174, 175, 175, 176, 176, 176, 177, 178, 179, 179, 179, 179, 179, 179, 179, 179, 179, 179, 179, 179, 178, 176, 173, 170, 168, 166, 163, 159, 155, 150, 145, 138],  1 
 [103, 109, 117, 124, 131, 136, 141, 145, 148, 151, 154, 156, 158, 161, 164, 166, 168, 169, 171, 171, 172, 173, 174, 175, 175, 176, 176, 176, 177, 178, 179, 179, 179, 179, 179, 179, 179, 179, 179, 179, 179, 179, 178, 176, 173, 170, 168, 166, 163, 159, 155, 150, 145, 138, 131],  1 
 [103, 109, 117, 124, 131, 136, 141, 145, 148, 151, 154, 156, 158, 161, 164, 166, 168, 169, 171, 171, 172, 173, 174, 175, 175, 176, 176, 176, 177, 178, 179, 179, 179, 179, 179, 179, 179, 179, 179, 179, 179, 179, 178, 176, 173, 170, 168, 166, 163, 159, 155, 150, 145, 138, 131, 122],  1 
 [103, 109, 117, 124, 131, 136, 141, 145, 148, 151, 154, 156, 158, 161, 164, 166, 168, 169, 171, 171, 172, 173, 174, 175, 175, 176, 176, 176, 177, 178, 179, 179, 179, 179, 179, 179, 179, 179, 179, 179, 179, 179, 178, 176, 173, 170, 168, 166, 163, 159, 155, 150, 145, 138, 131, 122, 114],  1 
 [103, 109, 117, 124, 131, 136, 141, 145, 148, 151, 154, 156, 158, 161, 164, 166, 168, 169, 171, 171, 172, 173, 174, 175, 175, 176, 176, 176, 177, 178, 179, 179, 179, 179, 179, 179, 179, 179, 179, 179, 179, 179, 178, 176, 173, 170, 168, 166, 163, 159, 155, 150, 145, 138, 131, 122, 114, 105],  1 
 [103, 109, 117, 124, 131, 136, 141, 145, 148, 151, 154, 156, 158, 161, 164, 166, 168, 169, 171, 171, 172, 173, 174, 175, 175, 176, 176, 176, 177, 178, 179, 179, 179, 179, 179, 179, 179, 179, 179, 179, 179, 179, 178, 176, 173, 170, 168, 166, 163, 159, 155, 150, 145, 138, 131, 122, 114, 105, 93],  1 
 [103, 109, 117, 124, 131, 136, 141, 145, 148, 151, 154, 156, 158, 161, 164, 166, 168, 169, 171, 171, 172, 173, 174, 175, 175, 176, 176, 176, 177, 178, 179, 179, 179, 179, 179, 179, 179, 179, 179, 179, 179, 179, 178, 176, 173, 170, 168, 166, 163, 159, 155, 150, 145, 138, 131, 122, 114, 105, 93],  1 
 [103, 109, 117, 124, 131, 136, 141, 145, 148, 151, 154, 156, 158, 161, 164, 166, 168, 169, 171, 171, 172, 173, 174, 175, 175, 176, 176, 176, 177, 178, 179, 179, 179, 179, 179, 179, 179, 179, 179, 179, 179, 179, 178, 176, 173, 170, 168, 166, 163, 159, 155, 150, 145, 138, 131, 122, 114, 105, 93],  1 
 [103, 109, 117, 124, 131, 136, 141, 145, 148, 151, 154, 156, 158, 161, 164, 166, 168, 169, 171, 171, 172, 173, 174, 175, 175, 176, 176, 176, 177, 178, 179, 179, 179, 179, 179, 179, 179, 179, 179, 179, 179, 179, 178, 176, 173, 170, 168, 166, 163, 159, 155, 150, 145, 138, 131, 122, 114, 105, 93],  1 
 [103, 109, 117, 124, 131, 136, 141, 145, 148, 151, 154, 156, 158, 161, 164, 166, 168, 169, 171, 171, 172, 173, 174, 175, 175, 176, 176, 176, 177, 178, 179, 179, 179, 179, 179, 179, 179, 179, 179, 179, 179, 179, 178, 176, 173, 170, 168, 166, 163, 159, 155, 150, 145, 138, 131, 122, 114, 105, 93],  1 
 [103, 109, 117, 124, 131, 136, 141, 145, 148, 151, 154, 156, 158, 161, 164, 166, 168, 169, 171, 171, 172, 173, 174, 175, 175, 176, 176, 176, 177, 178, 179, 179, 179, 179, 179, 179, 179, 179, 179, 179, 179, 179, 178, 176, 173, 170, 168, 166, 163, 159, 155, 150, 145, 138, 131, 122, 114, 105, 93],  1 
 [103, 109, 117, 124, 131, 136, 141, 145, 148, 151, 154, 156, 158, 161, 164, 166, 168, 169, 171, 171, 172, 173, 174, 175, 175, 176, 176, 176, 177, 178, 179, 179, 179, 179, 179, 179, 179, 179, 179, 179, 179, 179, 178, 176, 173, 170, 168, 166, 163, 159, 155, 150, 145, 138, 131, 122, 114, 105, 93],  1 
 [103, 109, 117, 124, 131, 136, 141, 145, 148, 151, 154, 156, 158, 161, 164, 166, 168, 169, 171, 171, 172, 173, 174, 175, 175, 176, 176, 176, 177, 178, 179, 179, 179, 179, 179, 179, 179, 179, 179, 179, 179, 179, 178, 176, 173, 170, 168, 166, 163, 159, 155, 150, 145, 138, 131, 122, 114, 105, 93],  1 
 [103, 109, 117, 124, 131, 136, 141, 145, 148, 151, 154, 156, 158, 161, 164, 166, 168, 169, 171, 171, 172, 173, 174, 175, 175, 176, 176, 176, 177, 178, 179, 179, 179, 179, 179, 179, 179, 179, 179, 179, 179, 179, 178, 176, 173, 170, 168, 166, 163, 159, 155, 150, 145, 138, 131, 122, 114, 105, 93],  1 
 [103, 109, 117, 124, 131, 136, 141, 145, 148, 151, 154, 156, 158, 161, 164, 166, 168, 169, 171, 171, 172, 173, 174, 175, 175, 176, 176, 176, 177, 178, 179, 179, 179, 179, 179, 179, 179, 179, 179, 179, 179, 179, 178, 176, 173, 170, 168, 166, 163, 159, 155, 150, 145, 138, 131, 122, 114, 105, 93],  1 
 [103, 109, 117, 124, 131, 136, 141, 145, 148, 151, 154, 156, 158, 161, 164, 166, 168, 169, 171, 171, 172, 173, 174, 175, 175, 176, 176, 176, 177, 178, 179, 179, 179, 179, 179, 179, 179, 179, 179, 179, 179, 179, 178, 176, 173, 170, 168, 166, 163, 159, 155, 150, 145, 138, 131, 122, 114, 105, 93],  1 
 [103, 109, 117, 124, 131, 136, 141, 145, 148, 151, 154, 156, 158, 161, 164, 166, 168, 169, 171, 171, 172, 173, 174, 175, 175, 176, 176, 176, 177, 178, 179, 179, 179, 179, 179, 179, 179, 179, 179, 179, 179, 179, 178, 176, 173, 170, 168, 166, 163, 159, 155, 150, 145, 138, 131, 122, 114, 105, 93],  1 
 [103, 109, 117, 124, 131, 136, 141, 145, 148, 151, 154, 156, 158, 161, 164, 166, 168, 169, 171, 171, 172, 173, 174, 175, 175, 176, 176, 176, 177, 178, 179, 179, 179, 179, 179, 179, 179, 179, 179, 179, 179, 179, 178, 176, 173, 170, 168, 166, 163, 159, 155, 150, 145, 138, 131, 122, 114, 105, 93],  1 
 [103, 109, 117, 124, 131, 136, 141, 145, 148, 151, 154, 156, 158, 161, 164, 166, 168, 169, 171, 171, 172, 173, 174, 175, 175, 176, 176, 176, 177, 178, 179, 179, 179, 179, 179, 179, 179, 179, 179, 179, 179, 179, 178, 176, 173, 170, 168, 166, 163, 159, 155, 150, 145, 138, 131, 122, 114, 105, 93],  1 
 [103, 109, 117, 124, 131, 136, 141, 145, 148, 151, 154, 156, 158, 161, 164, 166, 168, 169, 171, 171, 172, 173, 174, 175, 175, 176, 176, 176, 177, 178, 179, 179, 179, 179, 179, 179, 179, 179, 179, 179, 179, 179, 178, 176, 173, 170, 168, 166, 163, 159, 155, 150, 145, 138, 131, 122, 114, 105, 93],  1 
 [103, 109, 117, 124, 131, 136, 141, 145, 148, 151, 154, 156, 158, 161, 164, 166, 168, 169, 171, 171, 172, 173, 174, 175, 175, 176, 176, 176, 177, 178, 179, 179, 179, 179, 179, 179, 179, 179, 179, 179, 179, 179, 178, 176, 173, 170, 168, 166, 163, 159, 155, 150, 145, 138, 131, 122, 114, 105, 93],  1 
 [103, 109, 117, 124, 131, 136, 141, 145, 148, 151, 154, 156, 158, 161, 164, 166, 168, 169, 171, 171, 172, 173, 174, 175, 175, 176, 176, 176, 177, 178, 179, 179, 179, 179, 179, 179, 179, 179, 179, 179, 179, 179, 178, 176, 173, 170, 168, 166, 163, 159, 155, 150, 145, 138, 131, 122, 114, 105, 93],  1 
 [103, 109, 117, 124, 131, 136, 141, 145, 148, 151, 154, 156, 158, 161, 164, 166, 168, 169, 171, 171, 172, 173, 174, 175, 175, 176, 176, 176, 177, 178, 179, 179, 179, 179, 179, 179, 179, 179, 179, 179, 179, 179, 178, 176, 173, 170, 168, 166, 163, 159, 155, 150, 145, 138, 131, 122, 114, 105, 93],  1 
 [103, 109, 117, 124, 131, 136, 141, 145, 148, 151, 154, 156, 158, 161, 164, 166, 168, 169, 171, 171, 172, 173, 174, 175, 175, 176, 176, 176, 177, 178, 179, 179, 179, 179, 179, 179, 179, 179, 179, 179, 179, 179, 178, 176, 173, 170, 168, 166, 163, 159, 155, 150, 145, 138, 131, 122, 114, 105, 93],  1 
 [103, 109, 117, 124, 131, 136, 141, 145, 148, 151, 154, 156, 158, 161, 164, 166, 168, 169, 171, 171, 172, 173, 174, 175, 175, 176, 176, 176, 177, 178, 179, 179, 179, 179, 179, 179, 179, 179, 179, 179, 179, 179, 178, 176, 173, 170, 168, 166, 163, 159, 155, 150, 145, 138, 131, 122, 114, 105, 93],  1 
 [103, 109, 117, 124, 131, 136, 141, 145, 148, 151, 154, 156, 158, 161, 164, 166, 168, 169, 171, 171, 172, 173, 174, 175, 175, 176, 176, 176, 177, 178, 179, 179, 179, 179, 179, 179, 179, 179, 179, 179, 179, 179, 178, 176, 173, 170, 168, 166, 163, 159, 155, 150, 145, 138, 131, 122, 114, 105, 93],  1 
 [103, 109, 117, 124, 131, 136, 141, 145, 148, 151, 154, 156, 158, 161, 164, 166, 168, 169, 171, 171, 172, 173, 174, 175, 175, 176, 176, 176, 177, 178, 179, 179, 179, 179, 179, 179, 179, 179, 179, 179, 179, 179, 178, 176, 173, 170, 168, 166, 163, 159, 155, 150, 145, 138, 131, 122, 114, 105, 93],  1 
 [103, 109, 117, 124, 131, 136, 141, 145, 148, 151, 154, 156, 158, 161, 164, 166, 168, 169, 171, 171, 172, 173, 174, 175, 175, 176, 176, 176, 177, 178, 179, 179, 179, 179, 179, 179, 179, 179, 179, 179, 179, 179, 178, 176, 173, 170, 168, 166, 163, 159, 155, 150, 145, 138, 131, 122, 114, 105, 93],  1 
 [103, 109, 117, 124, 131, 136, 141, 145, 148, 151, 154, 156, 158, 161, 164, 166, 168, 169, 171, 171, 172, 173, 174, 175, 175, 176, 176, 176, 177, 178, 179, 179, 179, 179, 179, 179, 179, 179, 179, 179, 179, 179, 178, 176, 173, 170, 168, 166, 163, 159, 155, 150, 145, 138, 131, 122, 114, 105, 93],  1 
 [103, 109, 117, 124, 131, 136, 141, 145, 148, 151, 154, 156, 158, 161, 164, 166, 168, 169, 171, 171, 172, 173, 174, 175, 175, 176, 176, 176, 177, 178, 179, 179, 179, 179, 179, 179, 179, 179, 179, 179, 179, 179, 178, 176, 173, 170, 168, 166, 163, 159, 155, 150, 145, 138, 131, 122, 114, 105, 93],  1 
 [103, 109, 117, 124, 131, 136, 141, 145, 148, 151, 154, 156, 158, 161, 164, 166, 168, 169, 171, 171, 172, 173, 174, 175, 175, 176, 176, 176, 177, 178, 179, 179, 179, 179, 179, 179, 179, 179, 179, 179, 179, 179, 178, 176, 173, 170, 168, 166, 163, 159, 155, 150, 145, 138, 131, 122, 114, 105, 93],  1 
 [103, 109, 117, 124, 131, 136, 141, 145, 148, 151, 154, 156, 158, 161, 164, 166, 168, 169, 171, 171, 172, 173, 174, 175, 175, 176, 176, 176, 177, 178, 179, 179, 179, 179, 179, 179, 179, 179, 179, 179, 179, 179, 178, 176, 173, 170, 168, 166, 163, 159, 155, 150, 145, 138, 131, 122, 114, 105, 93],  1 
 [103, 109, 117, 124, 131, 136, 141, 145, 148, 151, 154, 156, 158, 161, 164, 166, 168, 169, 171, 171, 172, 173, 174, 175, 175, 176, 176, 176, 177, 178, 179, 179, 179, 179, 179, 179, 179, 179, 179, 179, 179, 179, 178, 176, 173, 170, 168, 166, 163, 159, 155, 150, 145, 138, 131, 122, 114, 105, 93],  1 
 [103, 109, 117, 124, 131, 136, 141, 145, 148, 151, 154, 156, 158, 161, 164, 166, 168, 169, 171, 171, 172, 173, 174, 175, 175, 176, 176, 176, 177, 178, 179, 179, 179, 179, 179, 179, 179, 179, 179, 179, 179, 179, 178, 176, 173, 170, 168, 166, 163, 159, 155, 150, 145, 138, 131, 122, 114, 105, 93],  1 
 [103, 109, 117, 124, 131, 136, 141, 145, 148, 151, 154, 156, 158, 161, 164, 166, 168, 169, 171, 171, 172, 173, 174, 175, 175, 176, 176, 176, 177, 178, 179, 179, 179, 179, 179, 179, 179, 179, 179, 179, 179, 179, 178, 176, 173, 170, 168, 166, 163, 159, 155, 150, 145, 138, 131, 122, 114, 105, 93],  1 
 [103, 109, 117, 124, 131, 136, 141, 145, 148, 151, 154, 156, 158, 161, 164, 166, 168, 169, 171, 171, 172, 173, 174, 175, 175, 176, 176, 176, 177, 178, 179, 179, 179, 179, 179, 179, 179, 179, 179, 179, 179, 179, 178, 176, 173, 170, 168, 166, 163, 159, 155, 150, 145, 138, 131, 122, 114, 105, 93],  1 
 [103, 109, 117, 124, 131, 136, 141, 145, 148, 151, 154, 156, 158, 161, 164, 166, 168, 169, 171, 171, 172, 173, 174, 175, 175, 176, 176, 176, 177, 178, 179, 179, 179, 179, 179, 179, 179, 179, 179, 179, 179, 179, 178, 176, 173, 170, 168, 166, 163, 159, 155, 150, 145, 138, 131, 122, 114, 105, 93],  1 
 [103, 109, 117, 124, 131, 136, 141, 145, 148, 151, 154, 156, 158, 161, 164, 166, 168, 169, 171, 171, 172, 173, 174, 175, 175, 176, 176, 176, 177, 178, 179, 179, 179, 179, 179, 179, 179, 179, 179, 179, 179, 179, 178, 176, 173, 170, 168, 166, 163, 159, 155, 150, 145, 138, 131, 122, 114, 105, 93],  1 
 [103, 109, 117, 124, 131, 136, 141, 145, 148, 151, 154, 156, 158, 161, 164, 166, 168, 169, 171, 171, 172, 173, 174, 175, 175, 176, 176, 176, 177, 178, 179, 179, 179, 179, 179, 179, 179, 179, 179, 179, 179, 179, 178, 176, 173, 170, 168, 166, 163, 159, 155, 150, 145, 138, 131, 122, 114, 105, 93],  1 
 [103, 109, 117, 124, 131, 136, 141, 145, 148, 151, 154, 156, 158, 161, 164, 166, 168, 169, 171, 171, 172, 173, 174, 175, 175, 176, 176, 176, 177, 178, 179, 179, 179, 179, 179, 179, 179, 179, 179, 179, 179, 179, 178, 176, 173, 170, 168, 166, 163, 159, 155, 150, 145, 138, 131, 122, 114, 105, 93],  1 
 [103, 109, 117, 124, 131, 136, 141, 145, 148, 151, 154, 156, 158, 161, 164, 166, 168, 169, 171, 171, 172, 173, 174, 175, 175, 176, 176, 176, 177, 178, 179, 179, 179, 179, 179, 179, 179, 179, 179, 179, 179, 179, 178, 176, 173, 170, 168, 166, 163, 159, 155, 150, 145, 138, 131, 122, 114, 105, 93],  1 
 [103, 109, 117, 124, 131, 136, 141, 145, 148, 151, 154, 156, 158, 161, 164, 166, 168, 169, 171, 171, 172, 173, 174, 175, 175, 176, 176, 176, 177, 178, 179, 179, 179, 179, 179, 179, 179, 179, 179, 179, 179, 179, 178, 176, 173, 170, 168, 166, 163, 159, 155, 150, 145, 138, 131, 122, 114, 105, 93],  1 
 [103, 109, 117, 124, 131, 136, 141, 145, 148, 151, 154, 156, 158, 161, 164, 166, 168, 169, 171, 171, 172, 173, 174, 175, 175, 176, 176, 176, 177, 178, 179, 179, 179, 179, 179, 179, 179, 179, 179, 179, 179, 179, 178, 176, 173, 170, 168, 166, 163, 159, 155, 150, 145, 138, 131, 122, 114, 105, 93],  1 
 [103, 109, 117, 124, 131, 136, 141, 145, 148, 151, 154, 156, 158, 161, 164, 166, 168, 169, 171, 171, 172, 173, 174, 175, 175, 176, 176, 176, 177, 178, 179, 179, 179, 179, 179, 179, 179, 179, 179, 179, 179, 179, 178, 176, 173, 170, 168, 166, 163, 159, 155, 150, 145, 138, 131, 122, 114, 105, 93],  1 
 [103, 109, 117, 124, 131, 136, 141, 145, 148, 151, 154, 156, 158, 161, 164, 166, 168, 169, 171, 171, 172, 173, 174, 175, 175, 176, 176, 176, 177, 178, 179, 179, 179, 179, 179, 179, 179, 179, 179, 179, 179, 179, 178, 176, 173, 170, 168, 166, 163, 159, 155, 150, 145, 138, 131, 122, 114, 105, 93],  1 
 [103, 109, 117, 124, 131, 136, 141, 145, 148, 151, 154, 156, 158, 161, 164, 166, 168, 169, 171, 171, 172, 173, 174, 175, 175, 176, 176, 176, 177, 178, 179, 179, 179, 179, 179, 179, 179, 179, 179, 179, 179, 179, 178, 176, 173, 170, 168, 166, 163, 159, 155, 150, 145, 138, 131, 122, 114, 105, 93],  1 
 [103, 109, 117, 124, 131, 136, 141, 145, 148, 151, 154, 156, 158, 161, 164, 166, 168, 169, 171, 171, 172, 173, 174, 175, 175, 176, 176, 176, 177, 178, 179, 179, 179, 179, 179, 179, 179, 179, 179, 179, 179, 179, 178, 176, 173, 170, 168, 166, 163, 159, 155, 150, 145, 138, 131, 122, 114, 105, 93],  1 
 [103, 109, 117, 124, 131, 136, 141, 145, 148, 151, 154, 156, 158, 161, 164, 166, 168, 169, 171, 171, 172, 173, 174, 175, 175, 176, 176, 176, 177, 178, 179, 179, 179, 179, 179, 179, 179, 179, 179, 179, 179, 179, 178, 176, 173, 170, 168, 166, 163, 159, 155, 150, 145, 138, 131, 122, 114, 105, 93],  1 
 [103, 109, 117, 124, 131, 136, 141, 145, 148, 151, 154, 156, 158, 161, 164, 166, 168, 169, 171, 171, 172, 173, 174, 175, 175, 176, 176, 176, 177, 178, 179, 179, 179, 179, 179, 179, 179, 179, 179, 179, 179, 179, 178, 176, 173, 170, 168, 166, 163, 159, 155, 150, 145, 138, 131, 122, 114, 105, 93],  1 
 [103, 109, 117, 124, 131, 136, 141, 145, 148, 151, 154, 156, 158, 161, 164, 166, 168, 169, 171, 171, 172, 173, 174, 175, 175, 176, 176, 176, 177, 178, 179, 179, 179, 179, 179, 179, 179, 179, 179, 179, 179, 179, 178, 176, 173, 170, 168, 166, 163, 159, 155, 150, 145, 138, 131, 122, 114, 105, 93],  1 
 [103, 109, 117, 124, 131, 136, 141, 145, 148, 151, 154, 156, 158, 161, 164, 166, 168, 169, 171, 171, 172, 173, 174, 175, 175, 176, 176, 176, 177, 178, 179, 179, 179, 179, 179, 179, 179, 179, 179, 179, 179, 179, 178, 176, 173, 170, 168, 166, 163, 159, 155, 150, 145, 138, 131, 122, 114, 105, 93],  1 
 [103, 109, 117, 124, 131, 136, 141, 145, 148, 151, 154, 156, 158, 161, 164, 166, 168, 169, 171, 171, 172, 173, 174, 175, 175, 176, 176, 176, 177, 178, 179, 179, 179, 179, 179, 179, 179, 179, 179, 179, 179, 179, 178, 176, 173, 170, 168, 166, 163, 159, 155, 150, 145, 138, 131, 122, 114, 105, 93],  1 
 [103, 109, 117, 124, 131, 136, 141, 145, 148, 151, 154, 156, 158, 161, 164, 166, 168, 169, 171, 171, 172, 173, 174, 175, 175, 176, 176, 176, 177, 178, 179, 179, 179, 179, 179, 179, 179, 179, 179, 179, 179, 179, 178, 176, 173, 170, 168, 166, 163, 159, 155, 150, 145, 138, 131, 122, 114, 105, 93],  1 
 [103, 109, 117, 124, 131, 136, 141, 145, 148, 151, 154, 156, 158, 161, 164, 166, 168, 169, 171, 171, 172, 173, 174, 175, 175, 176, 176, 176, 177, 178, 179, 179, 179, 179, 179, 179, 179, 179, 179, 179, 179, 179, 178, 176, 173, 170, 168, 166, 163, 159, 155, 150, 145, 138, 131, 122, 114, 105, 93],  1 
 [],  2 
 [105],  2 
 [105, 113],  2 
 [105, 113, 118],  2 
 [105, 113, 118, 125],  2 
 [105, 113, 118, 125, 132],  2 
 [105, 113, 118, 125, 132, 139],  2 
 [105, 113, 118, 125, 132, 139, 143],  2 
 [105, 113, 118, 125, 132, 139, 143, 147],  2 
 [105, 113, 118, 125, 132, 139, 143, 147, 151],  2 
 [105, 113, 118, 125, 132, 139, 143, 147, 151, 153],  2 
 [105, 113, 118, 125, 132, 139, 143, 147, 151, 153, 156],  2 
 [105, 113, 118, 125, 132, 139, 143, 147, 151, 153, 156, 158],  2 
 [105, 113, 118, 125, 132, 139, 143, 147, 151, 153, 156, 158, 160],  2 
 [105, 113, 118, 125, 132, 139, 143, 147, 151, 153, 156, 158, 160, 163],  2 
 [105, 113, 118, 125, 132, 139, 143, 147, 151, 153, 156, 158, 160, 163, 165],  2 
 [105, 113, 118, 125, 132, 139, 143, 147, 151, 153, 156, 158, 160, 163, 165, 167],  2 
 [105, 113, 118, 125, 132, 139, 143, 147, 151, 153, 156, 158, 160, 163, 165, 167, 168],  2 
 [105, 113, 118, 125, 132, 139, 143, 147, 151, 153, 156, 158, 160, 163, 165, 167, 168, 170],  2 
 [105, 113, 118, 125, 132, 139, 143, 147, 151, 153, 156, 158, 160, 163, 165, 167, 168, 170, 171],  2 
 [105, 113, 118, 125, 132, 139, 143, 147, 151, 153, 156, 158, 160, 163, 165, 167, 168, 170, 171, 173],  2 
 [105, 113, 118, 125, 132, 139, 143, 147, 151, 153, 156, 158, 160, 163, 165, 167, 168, 170, 171, 173, 173],  2 
 [105, 113, 118, 125, 132, 139, 143, 147, 151, 153, 156, 158, 160, 163, 165, 167, 168, 170, 171, 173, 173, 173],  2 
 [105, 113, 118, 125, 132, 139, 143, 147, 151, 153, 156, 158, 160, 163, 165, 167, 168, 170, 171, 173, 173, 173, 174],  2 
 [105, 113, 118, 125, 132, 139, 143, 147, 151, 153, 156, 158, 160, 163, 165, 167, 168, 170, 171, 173, 173, 173, 174, 174],  2 
 [105, 113, 118, 125, 132, 139, 143, 147, 151, 153, 156, 158, 160, 163, 165, 167, 168, 170, 171, 173, 173, 173, 174, 174, 175],  2 
 [105, 113, 118, 125, 132, 139, 143, 147, 151, 153, 156, 158, 160, 163, 165, 167, 168, 170, 171, 173, 173, 173, 174, 174, 175, 175],  2 
 [105, 113, 118, 125, 132, 139, 143, 147, 151, 153, 156, 158, 160, 163, 165, 167, 168, 170, 171, 173, 173, 173, 174, 174, 175, 175, 175],  2 
 [105, 113, 118, 125, 132, 139, 143, 147, 151, 153, 156, 158, 160, 163, 165, 167, 168, 170, 171, 173, 173, 173, 174, 174, 175, 175, 175, 176],  2 
 [105, 113, 118, 125, 132, 139, 143, 147, 151, 153, 156, 158, 160, 163, 165, 167, 168, 170, 171, 173, 173, 173, 174, 174, 175, 175, 175, 176, 176],  2 
 [105, 113, 118, 125, 132, 139, 143, 147, 151, 153, 156, 158, 160, 163, 165, 167, 168, 170, 171, 173, 173, 173, 174, 174, 175, 175, 175, 176, 176, 177],  2 
 [105, 113, 118, 125, 132, 139, 143, 147, 151, 153, 156, 158, 160, 163, 165, 167, 168, 170, 171, 173, 173, 173, 174, 174, 175, 175, 175, 176, 176, 177, 177],  2 
 [105, 113, 118, 125, 132, 139, 143, 147, 151, 153, 156, 158, 160, 163, 165, 167, 168, 170, 171, 173, 173, 173, 174, 174, 175, 175, 175, 176, 176, 177, 177, 176],  2 
 [105, 113, 118, 125, 132, 139, 143, 147, 151, 153, 156, 158, 160, 163, 165, 167, 168, 170, 171, 173, 173, 173, 174, 174, 175, 175, 175, 176, 176, 177, 177, 176, 176],  2 
 [105, 113, 118, 125, 132, 139, 143, 147, 151, 153, 156, 158, 160, 163, 165, 167, 168, 170, 171, 173, 173, 173, 174, 174, 175, 175, 175, 176, 176, 177, 177, 176, 176, 176],  2 
 [105, 113, 118, 125, 132, 139, 143, 147, 151, 153, 156, 158, 160, 163, 165, 167, 168, 170, 171, 173, 173, 173, 174, 174, 175, 175, 175, 176, 176, 177, 177, 176, 176, 176, 176],  2 
 [105, 113, 118, 125, 132, 139, 143, 147, 151, 153, 156, 158, 160, 163, 165, 167, 168, 170, 171, 173, 173, 173, 174, 174, 175, 175, 175, 176, 176, 177, 177, 176, 176, 176, 176, 176],  2 
 [105, 113, 118, 125, 132, 139, 143, 147, 151, 153, 156, 158, 160, 163, 165, 167, 168, 170, 171, 173, 173, 173, 174, 174, 175, 175, 175, 176, 176, 177, 177, 176, 176, 176, 176, 176, 176],  2 
 [105, 113, 118, 125, 132, 139, 143, 147, 151, 153, 156, 158, 160, 163, 165, 167, 168, 170, 171, 173, 173, 173, 174, 174, 175, 175, 175, 176, 176, 177, 177, 176, 176, 176, 176, 176, 176, 176],  2 
 [105, 113, 118, 125, 132, 139, 143, 147, 151, 153, 156, 158, 160, 163, 165, 167, 168, 170, 171, 173, 173, 173, 174, 174, 175, 175, 175, 176, 176, 177, 177, 176, 176, 176, 176, 176, 176, 176, 176],  2 
 [105, 113, 118, 125, 132, 139, 143, 147, 151, 153, 156, 158, 160, 163, 165, 167, 168, 170, 171, 173, 173, 173, 174, 174, 175, 175, 175, 176, 176, 177, 177, 176, 176, 176, 176, 176, 176, 176, 176, 177],  2 
 [105, 113, 118, 125, 132, 139, 143, 147, 151, 153, 156, 158, 160, 163, 165, 167, 168, 170, 171, 173, 173, 173, 174, 174, 175, 175, 175, 176, 176, 177, 177, 176, 176, 176, 176, 176, 176, 176, 176, 177, 177],  2 
 [105, 113, 118, 125, 132, 139, 143, 147, 151, 153, 156, 158, 160, 163, 165, 167, 168, 170, 171, 173, 173, 173, 174, 174, 175, 175, 175, 176, 176, 177, 177, 176, 176, 176, 176, 176, 176, 176, 176, 177, 177, 176],  2 
 [105, 113, 118, 125, 132, 139, 143, 147, 151, 153, 156, 158, 160, 163, 165, 167, 168, 170, 171, 173, 173, 173, 174, 174, 175, 175, 175, 176, 176, 177, 177, 176, 176, 176, 176, 176, 176, 176, 176, 177, 177, 176, 176],  2 
 [105, 113, 118, 125, 132, 139, 143, 147, 151, 153, 156, 158, 160, 163, 165, 167, 168, 170, 171, 173, 173, 173, 174, 174, 175, 175, 175, 176, 176, 177, 177, 176, 176, 176, 176, 176, 176, 176, 176, 177, 177, 176, 176, 175],  2 
 [105, 113, 118, 125, 132, 139, 143, 147, 151, 153, 156, 158, 160, 163, 165, 167, 168, 170, 171, 173, 173, 173, 174, 174, 175, 175, 175, 176, 176, 177, 177, 176, 176, 176, 176, 176, 176, 176, 176, 177, 177, 176, 176, 175, 174],  2 
 [105, 113, 118, 125, 132, 139, 143, 147, 151, 153, 156, 158, 160, 163, 165, 167, 168, 170, 171, 173, 173, 173, 174, 174, 175, 175, 175, 176, 176, 177, 177, 176, 176, 176, 176, 176, 176, 176, 176, 177, 177, 176, 176, 175, 174, 171],  2 
 [105, 113, 118, 125, 132, 139, 143, 147, 151, 153, 156, 158, 160, 163, 165, 167, 168, 170, 171, 173, 173, 173, 174, 174, 175, 175, 175, 176, 176, 177, 177, 176, 176, 176, 176, 176, 176, 176, 176, 177, 177, 176, 176, 175, 174, 171, 169],  2 
 [105, 113, 118, 125, 132, 139, 143, 147, 151, 153, 156, 158, 160, 163, 165, 167, 168, 170, 171, 173, 173, 173, 174, 174, 175, 175, 175, 176, 176, 177, 177, 176, 176, 176, 176, 176, 176, 176, 176, 177, 177, 176, 176, 175, 174, 171, 169, 168],  2 
 [105, 113, 118, 125, 132, 139, 143, 147, 151, 153, 156, 158, 160, 163, 165, 167, 168, 170, 171, 173, 173, 173, 174, 174, 175, 175, 175, 176, 176, 177, 177, 176, 176, 176, 176, 176, 176, 176, 176, 177, 177, 176, 176, 175, 174, 171, 169, 168, 165],  2 
